5
3 4 5 1 8
8 2 3 2 2
0 2 9 5 4
1 11 3 0 5
4 5 2 7 1

20
1 21 41 61 81 1 21 41 61 81 1 21 41 61 81 1 21 41 61 81
2 22 42 62 82 2 22 42 62 82 2 22 42 62 82 2 22 42 62 82
3 23 43 63 83 3 23 43 63 83 3 23 43 63 83 3 23 43 63 83
4 24 44 64 84 4 24 44 64 84 4 24 44 64 84 4 24 44 64 84
5 25 45 65 85 5 25 45 65 85 5 25 45 65 85 5 25 45 65 85
6 26 46 66 86 6 26 46 66 86 6 26 46 66 86 6 26 46 66 86
7 27 47 67 87 7 27 47 67 87 7 27 47 67 87 7 27 47 67 87
8 28 48 68 88 8 28 48 68 88 8 28 48 68 88 8 28 48 68 88
9 29 49 69 89 9 29 49 69 89 9 29 49 69 89 9 29 49 69 89
10 30 50 70 90 10 30 50 70 90 10 30 50 70 90 10 30 50 70 90
11 31 51 71 91 11 31 51 71 91 11 31 51 71 91 11 31 51 71 91
12 32 52 72 92 12 32 52 72 92 12 32 52 72 92 12 32 52 72 92
13 33 53 73 93 13 33 53 73 93 13 33 53 73 93 13 33 53 73 93
14 34 54 74 94 14 34 54 74 94 14 34 54 74 94 14 34 54 74 94
15 35 55 75 95 15 35 55 75 95 15 35 55 75 95 15 35 55 75 95
16 36 56 76 96 16 36 56 76 96 16 36 56 76 96 16 36 56 76 96
17 37 57 77 97 17 37 57 77 97 17 37 57 77 97 17 37 57 77 97
18 38 58 78 98 18 38 58 78 98 18 38 58 78 98 18 38 58 78 98
19 39 59 79 99 19 39 59 79 99 19 39 59 79 99 19 39 59 79 99
20 40 60 80 100 20 40 60 80 100 20 40 60 80 100 20 40 60 80 100